function nodos

A=[ 1 0 0 0 0 0 0 0 0;
    -1/10 0 0 0 0 -1/15 0 1/10+1/15+1/15 -1/15;
    0 -1/5 0 0 -1/10 0 0 -1/15 1/10+1/5+1/15;
    0 1/5+1/3 -1/3 0 0 0 0 0 -1/5;
    0 -1/3 1/3+1/20 -1/20 0 0 0 0 0;
    0 0 -1/20 1/20+1/25+1/25 -1/25 0 0 0 0;
    0 0 0 -1/25 1/10+1/15+1/25 -1/15  0 0 -1/10;
    0 0 0 0 -1/15 1/15+1/15+1/5 -1/5 -1/15 0;
    -1/15 0 0 0 0 -1/5 1/10+1/5+1/15 0 0
    ];
b=[85;0;0;0;0;0;0;0;0];
A\b

end